Student ID# 5042

 RUN     A       B       C       D       E       F       Y
   1 4400.00  318.00  258.00   80.00 1420.00   66.00  129.36
   2 4100.00  362.00  258.00   80.00 1420.00   54.00  114.84
   3 4100.00  318.00  258.00   80.00 1280.00   66.00  161.50
   4 4400.00  362.00  302.00   80.00 1420.00   66.00  111.50
   5 4100.00  362.00  258.00   70.00 1420.00   66.00  114.39
   6 4100.00  318.00  302.00   80.00 1420.00   54.00  137.15
   7 4100.00  318.00  258.00   70.00 1280.00   54.00  159.37
   8 4400.00  362.00  302.00   70.00 1420.00   54.00  115.93
   9 4400.00  362.00  258.00   80.00 1280.00   54.00  139.15
  10 4250.00  340.00  280.00   75.00 1350.00   60.00  132.31
  11 4400.00  318.00  258.00   70.00 1420.00   54.00  131.31
  12 4100.00  362.00  302.00   80.00 1280.00   66.00  150.02
  13 4100.00  318.00  302.00   70.00 1420.00   66.00  138.06
  14 4250.00  340.00  280.00   75.00 1350.00   60.00  130.83
  15 4100.00  362.00  302.00   70.00 1280.00   54.00  148.40
  16 4400.00  362.00  258.00   70.00 1280.00   66.00  136.67
  17 4250.00  340.00  280.00   75.00 1350.00   60.00  134.18
  18 4400.00  318.00  302.00   70.00 1280.00   66.00  157.86
  19 4400.00  318.00  302.00   80.00 1280.00   54.00  163.68
  20 4250.00  340.00  280.00   75.00 1350.00   60.00  130.93
